1628653687140 2.077545150172996 0
1628653687859 0.6476147134254701 1
1628653688510 0.5623460575646045 2
1628653688988 0.534942765164912 3
1628653689638 0.5240960739168813 4
1628653690315 0.5221772434578136 5
1628653690797 0.5106252282316821 6
1628653691269 0.5111676299472433 7
1628653691949 0.5067632651536813 8
1628653692453 0.503986733936493 9
1628653692927 0.5090386005052208 10
1628653693392 0.5035592553272746 11
1628653694086 0.500213000855761 12
1628653694558 0.4954902781322382 13
1628653694985 0.4978644145827148 14
1628653695418 0.4927718146672349 15
1628653695869 0.4941226015423378 16
1628653696304 0.49286526670989217 17
1628653696751 0.49225084218497545 18
1628653697185 0.49085063118820355 19
1628653697634 0.51933282265303 20
1628653698067 0.4897098452063817 21
1628653698499 0.4861837633294997 22
1628653698929 0.4804368463000614 23
1628653699369 0.4845913354261422 24
1628653699827 0.48951923036670547 25
1628653700255 0.4832229288856275 26
1628653700686 0.4788645255063527 27
1628653701121 0.47901836039800094 28
1628653701560 0.47944846372718647 29
1628653701988 0.4748242031688178 30
1628653702462 0.47337884212977316 31
1628653702506 0.5035592553272746 32
