1628579773403 2.620283428750007 0
1628579774091 0.7467742391314814 1
1628579774788 0.6026795011719847 2
1628579775494 0.5471584087882946 3
1628579775965 0.531622307876919 4
1628579776625 0.5216202250233403 5
1628579777080 0.5140286995694529 6
1628579777751 0.5116349260878026 7
1628579778189 0.5072377947853715 8
1628579778637 0.5067449760614484 9
1628579779126 0.4994548246015564 10
1628579779579 0.4987544150875588 11
1628579780023 0.496051370664706 12
1628579780470 0.4961407581099411 13
1628579780962 0.496169101233143 14
1628579781653 0.4898041490202982 15
1628579782161 0.48711406665170376 16
1628579782615 0.4862383945791636 17
1628579783128 0.4842103104402643 18
1628579783575 0.4805223013970327 19
1628579784050 0.48320677136284074 20
1628579784547 0.4831410799454154 21
1628579785005 0.4819270082375409 22
1628579785450 0.4789898912155204 23
1628579785915 0.4750588351431842 24
1628579786354 0.47229954351575676 25
1628579786787 0.46982332590098996 26
1628579787228 0.475342302367405 27
1628579787672 0.4724245779351558 28
1628579788127 0.476233009603375 29
1628579788597 0.4687048485509364 30
1628579789037 0.4697521092909873 31
1628579789104 0.496169101233143 32
