1628578407582 11.47424192954945 0
1628578408249 2.811399240292928 1
1628578408837 1.5701587374606856 2
1628578409443 1.0967723904265472 3
1628578409890 1.3200213029580266 4
1628578410311 0.9222292796199358 5
1628578410919 1.0044351100661915 6
1628578411351 1.1054457106837867 7
1628578411777 1.2473704252194562 8
1628578412201 1.4382240561012263 9
1628578412620 1.2916761301701365 10
1628578413055 1.0089563757543687 11
1628578413711 1.1704574413895175 12
1628578414143 1.6909549238029042 13
1628578414567 1.4331114408150911 14
1628578414994 1.3290170021652743 15
1628578415422 1.6385360285261013 16
1628578415856 1.3625071752010238 17
1628578416281 1.1240715712157383 18
1628578416714 1.0374148422033784 19
1628578417360 1.4086449247018618 20
1628578417865 1.7117640833622663 21
1628578418406 2.2012395626752377 22
1628578419128 1.435148413750947 23
1628578419592 1.72036693558454 24
1628578420060 1.6146832446560275 25
1628578420491 1.0138662801047729 26
1628578420922 0.965235364376503 27
1628578421399 1.331910476900134 28
1628578421843 1.5274139087790584 29
1628578422286 1.6643157535129123 30
1628578422779 1.3584078004936766 31
1628578422842 2.2012395626752377 32
