1628579752606 1.3221765783877155 0
1628579753229 0.8092793922711735 1
1628579753838 0.7974509883377114 2
1628579754495 0.7916809118954098 3
1628579754936 0.8141967269849674 4
1628579755381 0.7988747338410642 5
1628579755815 0.8013485554083587 6
1628579756262 0.8005125434310348 7
1628579756731 0.8054618731130269 8
1628579757166 0.8015859367881094 9
1628579757611 0.7983281656980687 10
1628579758063 0.7987760095901046 11
1628579758536 0.8033314415178625 12
1628579758977 0.7986117857647012 13
1628579759412 0.8007097292742871 14
1628579759842 0.7972855574857868 15
1628579760340 0.7988376131764164 16
1628579760796 0.8046978518161205 17
1628579761219 0.7951466361075618 18
1628579761656 0.8025519524957273 19
1628579762090 0.7971749364566829 20
1628579762548 0.7956046951622225 21
1628579762987 0.8058869520482285 22
1628579763434 0.7997286733545595 23
1628579763897 0.7988602832560315 24
1628579764349 0.8025872432934519 25
1628579764807 0.8035717320424886 26
1628579765288 0.8040106517297251 27
1628579765762 0.8032417312946195 28
1628579766236 0.8021713294989727 29
1628579766707 0.8012952596793248 30
1628579767184 0.8013383926649239 31
1628579767231 0.7974509883377114 32
