1628651415115 1.1786571286818908 0
1628651415697 0.5607976307233521 1
1628651416118 0.5546550376958923 2
1628651416715 0.5435157166760125 3
1628651417126 0.5297208895329211 4
1628651417528 0.5319733081646562 5
1628651418136 0.5238817136791537 6
1628651418555 0.5341463104355743 7
1628651418965 0.517833322037712 8
1628651419391 0.5163367705320914 9
1628651419811 0.5118009695213778 10
1628651420246 0.5445279015002255 11
1628651420665 0.5152061822930366 12
1628651421084 0.5014967234803873 13
1628651421505 0.5012171535969819 14
1628651421918 0.5015220811121172 15
1628651422353 0.4979245089584273 16
1628651422763 0.4972357855637652 17
1628651423194 0.48884649516861767 18
1628651423608 0.4812328512459106 19
1628651424020 0.4826164705768098 20
1628651424442 0.4833223147881836 21
1628651424855 0.4812034564600012 22
1628651425276 0.482655209913233 23
1628651425680 0.4716341108105368 24
1628651426095 0.47345960105599577 25
1628651426513 0.47691372428671036 26
1628651426942 0.467546843657826 27
1628651427351 0.46587829026694566 28
1628651427757 0.4692152463705884 29
1628651428173 0.4656856151794123 30
1628651428607 0.4679642527099745 31
1628651428671 0.5319733081646562 32
