1628652799761 1.2202115898861259 0
1628652800359 0.5924976095070247 1
1628652800949 0.5591451079410839 2
1628652801373 0.543667207659373 3
1628652801968 0.5366018119937022 4
1628652802654 0.5290021986505131 5
1628652803129 0.5226985922999026 6
1628652803598 0.5173011674622132 7
1628652804297 0.5151466893582736 8
1628652804774 0.5080133835496293 9
1628652805240 0.505312818457618 10
1628652805696 0.5130512950726843 11
1628652806181 0.5031055089954717 12
1628652806924 0.49451973688022416 13
1628652807362 0.4921707274174465 14
1628652807785 0.4982320382790714 15
1628652808224 0.5017418414678968 16
1628652808650 0.4899724157082056 17
1628652809066 0.49165979034240986 18
1628652809485 0.4962634929363158 19
1628652809903 0.4855671753983785 20
1628652810330 0.4898050738574319 21
1628652810957 0.48229004974025874 22
1628652811614 0.4809190367518254 23
1628652812274 0.4763980801599391 24
1628652812704 0.48414932556055384 25
1628652813141 0.47697520576357927 26
1628652813570 0.48282995930424444 27
1628652814000 0.4775318496886941 28
1628652814423 0.47193398905042816 29
1628652814855 0.4771017420309215 30
1628652815291 0.46764108953089845 31
1628652815587 0.46764108953089845 32
