1628578362798 1.319977464639976 0
1628578363428 0.5708239993152189 1
1628578364040 0.5482428575133447 2
1628578364507 0.5404872738025114 3
1628578364991 0.5369765814786037 4
1628578365466 0.5296902743451563 5
1628578365924 0.5303608996113228 6
1628578366543 0.52075814547189 7
1628578366967 0.5143006161320617 8
1628578367393 0.5186631646204791 9
1628578368033 0.5128809064734908 10
1628578368470 0.5119288513408508 11
1628578369139 0.5103320994494874 12
1628578369601 0.5018864743027379 13
1628578370072 0.49739860146480275 14
1628578370654 0.502208894420315 15
1628578371288 0.4995705037335165 16
1628578371799 0.49808922693533747 17
1628578372244 0.4932623389369782 18
1628578372708 0.49127433451194213 19
1628578373128 0.49237343388661664 20
1628578373574 0.49103104799834385 21
1628578374027 0.48783705114625725 22
1628578374478 0.4866193429057635 23
1628578374924 0.4894376548200564 24
1628578375378 0.48877618501345665 25
1628578375829 0.49247158492983645 26
1628578376337 0.4814196044150348 27
1628578376806 0.4804926293434747 28
1628578377341 0.48684785192049146 29
1628578377894 0.47944890699615145 30
1628578378391 0.48000869030483234 31
1628578378461 0.5119288513408508 32
