1628578474540 2.0092079954555957 0
1628578475179 0.829653859398204 1
1628578475870 0.8783112074814591 2
1628578476370 0.8348724110540309 3
1628578476797 0.8927299901897179 4
1628578477249 0.8322179153420913 5
1628578477710 0.8720397024199681 6
1628578478150 0.8362838375282703 7
1628578478587 0.8364741384074059 8
1628578479057 0.8313196963612356 9
1628578479694 0.8346442892747075 10
1628578480117 0.8305060267015567 11
1628578480623 0.8400805109033744 12
1628578481075 0.8424617644529886 13
1628578481712 0.860029293128175 14
1628578482155 0.8138900340339283 15
1628578482795 0.8514294879282395 16
1628578483228 0.847855908591936 17
1628578483665 0.8211019074864897 18
1628578484115 0.9104262964398253 19
1628578484532 0.8711261983011284 20
1628578484957 0.8152109974523168 21
1628578485388 0.897232898310119 22
1628578486071 0.8389703456093284 23
1628578486506 0.8624999561254408 24
1628578486948 0.8382031446188883 25
1628578487391 0.8598616945198159 26
1628578487837 0.8440974459928625 27
1628578488274 0.8411766770272127 28
1628578488714 0.820693052758665 29
1628578489175 0.842214518382918 30
1628578489626 0.8538703201318358 31
1628578489683 0.897232898310119 32
