1628653779684 1.3821301460049684 0
1628653780354 0.59982190732949 1
1628653780834 0.5452721907595577 2
1628653781305 0.5415408560544923 3
1628653781959 0.5320601476520062 4
1628653782619 0.5219839003888015 5
1628653783317 0.5143125839287939 6
1628653784038 0.5096695299869702 7
1628653784512 0.5051686902711074 8
1628653784934 0.5059128206712921 9
1628653785373 0.5068734043109391 10
1628653785801 0.4950768848909532 11
1628653786233 0.49686648251357596 12
1628653786870 0.4976835049142332 13
1628653787351 0.49414405505901327 14
1628653787788 0.4893238331822269 15
1628653788214 0.48959237324126664 16
1628653788646 0.48783487856344804 17
1628653789099 0.49141222162790377 18
1628653789540 0.4837358100914661 19
1628653789969 0.5452538945143346 20
1628653790416 0.49048764723405164 21
1628653790861 0.47906579215758593 22
1628653791296 0.4732015715207236 23
1628653791736 0.4743268284121543 24
1628653792184 0.47120704360647137 25
1628653792677 0.4710121762951648 26
1628653793145 0.47169369047936444 27
1628653793657 0.46863320227455385 28
1628653794183 0.4652988698141421 29
1628653794740 0.4638911300841327 30
1628653795258 0.46516838212028827 31
1628653795304 0.49686648251357596 32
