1628651371730 1.2788560652784793 0
1628651372347 0.7946170883154471 1
1628651372770 0.7943307026279258 2
1628651373192 0.7978008901977678 3
1628651373634 0.8012932769483471 4
1628651374054 0.7975524322399646 5
1628651374727 0.7934576661671602 6
1628651375159 0.7932186425381497 7
1628651375578 0.7984329626104844 8
1628651375993 0.7961087620769105 9
1628651376405 0.7981308089621966 10
1628651376824 0.7984824967540167 11
1628651377254 0.7985061820036445 12
1628651377660 0.7943833028395797 13
1628651378070 0.7939235739025762 14
1628651378686 0.7911169250200171 15
1628651379101 0.7989637638748601 16
1628651379532 0.7929839362419422 17
1628651379958 0.8012575983741445 18
1628651380394 0.7947143329254682 19
1628651380821 0.7946220991311943 20
1628651381245 0.7919422763798145 21
1628651381660 0.7960094823816503 22
1628651382084 0.7941704483438912 23
1628651382505 0.7946450002139777 24
1628651382922 0.8024249452453028 25
1628651383339 0.7972332170191198 26
1628651383781 0.797619105034664 27
1628651384201 0.7928376715081104 28
1628651384642 0.8017474923691372 29
1628651385066 0.8037682838342981 30
1628651385486 0.7932196730881734 31
1628651385548 0.7939235739025762 32
