1628578341329 1.2954389674990785 0
1628578341934 0.8082737983268676 1
1628578342383 0.7994831140784137 2
1628578343016 0.8014830057397647 3
1628578343430 0.8028812974626462 4
1628578343843 0.7967557616223437 5
1628578344448 0.800095413505122 6
1628578344868 0.8005652858800618 7
1628578345294 0.8046735381013792 8
1628578345742 0.8099955638942289 9
1628578346161 0.8055623846808982 10
1628578346632 0.8075290126218775 11
1628578347129 0.8040982467070298 12
1628578347758 0.7993202243235635 13
1628578348176 0.8011050237722819 14
1628578348609 0.8118875507608911 15
1628578349088 0.8086800707711114 16
1628578349546 0.8033335048755389 17
1628578349965 0.7971671559971661 18
1628578350387 0.810734596820352 19
1628578350833 0.8044217893760448 20
1628578351259 0.7931510591818616 21
1628578351695 0.8037454493251848 22
1628578352119 0.8019211058090282 23
1628578352548 0.8055383091960577 24
1628578352998 0.8012026329359111 25
1628578353426 0.8067983816781594 26
1628578353857 0.7993477076919683 27
1628578354353 0.8102256658723065 28
1628578354808 0.792579347271805 29
1628578355255 0.8113096564164088 30
1628578355899 0.799580782569369 31
1628578355954 0.8113096564164088 32
