1628652688630 1.294535996261159 0
1628652689227 0.7930757566777883 1
1628652689641 0.7947834270452362 2
1628652690053 0.7159368360094515 3
1628652690646 0.6036806899564545 4
1628652691258 0.572413393398429 5
1628652691680 0.5708835444202783 6
1628652692096 0.5649956008317943 7
1628652692723 0.5494991135428414 8
1628652693342 0.5427256417213875 9
1628652693770 0.5514741772400268 10
1628652694190 0.5580692272430412 11
1628652694667 0.5351676300287074 12
1628652695134 0.5454637856698158 13
1628652695625 0.5362173416688985 14
1628652696083 0.5341297766611727 15
1628652696534 0.5486755140542378 16
1628652696977 0.5341062396007252 17
1628652697446 0.5349253061982974 18
1628652697930 0.5371046857982765 19
1628652698404 0.5469130785809796 20
1628652698913 0.5183455965920645 21
1628652699612 0.5267346601124336 22
1628652700076 0.5317758102113341 23
1628652700539 0.521040092308288 24
1628652701014 0.5308119723696422 25
1628652701503 0.5237088724159208 26
1628652701965 0.515001694621084 27
1628652702386 0.5211322808404201 28
1628652702889 0.5124001583935301 29
1628652703358 0.5107159868651053 30
1628652703837 0.5229526518823101 31
1628652703896 0.5183455965920645 32
