1628579817999 1.276561679144051 0
1628579818616 0.7939775724643023 1
1628579819259 0.7933356631858329 2
1628579819756 0.7954311641386305 3
1628579820229 0.7926995064265155 4
1628579820658 0.7929528311690344 5
1628579821316 0.7935700020932078 6
1628579821748 0.7938838028440288 7
1628579822181 0.7944068018301034 8
1628579822608 0.7919143201159712 9
1628579823117 0.7960160705345475 10
1628579823556 0.7923321082441376 11
1628579823993 0.7940371114444109 12
1628579824431 0.7973933410367502 13
1628579824885 0.7980461501521137 14
1628579825322 0.7943225897302122 15
1628579825813 0.7919964747058367 16
1628579826279 0.7964183758719727 17
1628579826752 0.7978144915275325 18
1628579827246 0.7934812847119076 19
1628579827739 0.797187399630453 20
1628579828158 0.7947707304334675 21
1628579828610 0.7944729504761873 22
1628579829075 0.793848141172959 23
1628579829533 0.7990902403427711 24
1628579829988 0.7953432765588964 25
1628579830414 0.7932791638403817 26
1628579830888 0.7954712932146193 27
1628579831323 0.790272961428136 28
1628579831756 0.7970070376202258 29
1628579832204 0.7924611435563302 30
1628579832666 0.7961859600043592 31
1628579832735 0.7929528311690344 32
