1628579905741 2.1731166569495772 0
1628579906407 0.5824234088694781 1
1628579906933 0.5444399854066845 2
1628579907560 0.5274813842669551 3
1628579908182 0.5203364258151861 4
1628579908628 0.5197337232124312 5
1628579909059 0.507180241717752 6
1628579909492 0.5122153936907616 7
1628579909934 0.4975009222522367 8
1628579910572 0.49865056060324914 9
1628579911235 0.4966521341686415 10
1628579911686 0.49952921392524596 11
1628579912138 0.497122212129827 12
1628579912576 0.4924240351242697 13
1628579913015 0.4923772775962375 14
1628579913483 0.4873176681536562 15
1628579913950 0.48633297547946913 16
1628579914393 0.48840684179127347 17
1628579914843 0.4860575264056004 18
1628579915291 0.4831270263648674 19
1628579915774 0.4816797580421187 20
1628579916266 0.47831202350886903 21
1628579916773 0.4799676455703436 22
1628579917285 0.48611487789091723 23
1628579917777 0.4790049494611412 24
1628579918257 0.47678188534863375 25
1628579918985 0.4794475339683139 26
1628579919447 0.4758659148874193 27
1628579919920 0.4775660138634035 28
1628579920427 0.472599463265446 29
1628579921009 0.47064235367113555 30
1628579921526 0.4704103279390799 31
1628579921575 0.47678188534863375 32
