1628652777302 1.4234230815715 0
1628652777919 0.799142849298171 1
1628652778552 0.7980308442680232 2
1628652778975 0.8044519640867833 3
1628652779584 0.8047822875504368 4
1628652780013 0.7978775229415949 5
1628652780640 0.7969335602432728 6
1628652781070 0.7918015764058409 7
1628652781491 0.8001386680374478 8
1628652781923 0.7997269898804531 9
1628652782374 0.7990360394628825 10
1628652782987 0.8054037765561236 11
1628652783628 0.8018138173185749 12
1628652784064 0.804443895824919 13
1628652784729 0.7970182068034541 14
1628652785162 0.7916187420243921 15
1628652785623 0.7977046887772449 16
1628652786064 0.8009940866291653 17
1628652786486 0.803998682666881 18
1628652786910 0.798940060228737 19
1628652787378 0.8096947898965169 20
1628652787850 0.7964240606920219 21
1628652788321 0.7999525429246732 22
1628652788798 0.8098984518688316 23
1628652789282 0.7956014549604515 24
1628652789761 0.8011133590295164 25
1628652790253 0.8002268804011349 26
1628652790722 0.800350310755711 27
1628652791243 0.7928749702941186 28
1628652791708 0.8064135565823546 29
1628652792203 0.8066368696476639 30
1628652792630 0.7942709116415748 31
1628652792688 0.804443895824919 32
