1628652643814 1.2095651623989763 0
1628652644409 0.5677126474196961 1
1628652644827 0.5447868523428037 2
1628652645259 0.5433513147887667 3
1628652645839 0.5405837673160938 4
1628652646248 0.5275164740883793 5
1628652646683 0.5242039883751408 6
1628652647097 0.5226025199794908 7
1628652647691 0.5105164121977103 8
1628652648105 0.5041122595815444 9
1628652648515 0.505920140095699 10
1628652649132 0.4988645342440387 11
1628652649545 0.5250100020100089 12
1628652649963 0.5007765115919802 13
1628652650393 0.4913096368669944 14
1628652650809 0.48497562115834775 15
1628652651222 0.48183187074044864 16
1628652651630 0.48592033531021706 17
1628652652048 0.4876197318106176 18
1628652652524 0.4786079329213286 19
1628652652986 0.4856049152998796 20
1628652653463 0.4782295806973242 21
1628652653930 0.47217002783725465 22
1628652654409 0.4652064519940443 23
1628652654867 0.46952295638810226 24
1628652655332 0.46739924490754814 25
1628652655793 0.46308970676441513 26
1628652656284 0.47059945820052296 27
1628652656722 0.4620505767017495 28
1628652657154 0.5089034709968512 29
1628652657597 0.4931328839980223 30
1628652658006 0.47832584259903077 31
1628652658063 0.505920140095699 32
