1628579861758 1.4833772096975004 0
1628579862385 0.8042171178906399 1
1628579863025 0.7916139028777052 2
1628579863672 0.7936030675264139 3
1628579864129 0.7993637751043925 4
1628579864564 0.7930717425408707 5
1628579865026 0.8006274744316384 6
1628579865487 0.7945011023083024 7
1628579865975 0.7989613551026942 8
1628579866421 0.8035209763283823 9
1628579866846 0.7942080191277731 10
1628579867280 0.8005636844462083 11
1628579867723 0.7935185105409325 12
1628579868195 0.7941135652538938 13
1628579868625 0.7984531173345917 14
1628579869065 0.7910757269128649 15
1628579869503 0.7967250289567243 16
1628579869946 0.7939682270014035 17
1628579870388 0.7972428909487368 18
1628579870908 0.7911376286089723 19
1628579871411 0.7980127818530768 20
1628579871902 0.8059572601716589 21
1628579872379 0.7891991190401297 22
1628579872877 0.7943018698278942 23
1628579873400 0.7947798171767135 24
1628579873893 0.8032346090373563 25
1628579874397 0.8047698440981154 26
1628579874859 0.7988168835726526 27
1628579875353 0.7872886812678263 28
1628579875795 0.7964695829711449 29
1628579876240 0.803032902677421 30
1628579876665 0.7914142880044991 31
1628579876728 0.7916139028777052 32
