1628578586635 4.809490569533419 0
1628578587287 0.9250744730450575 1
1628578587713 0.9529654795307999 2
1628578588156 1.0844955018402964 3
1628578588858 0.8601895331816996 4
1628578589478 0.9141700251126688 5
1628578589895 0.9174110249669637 6
1628578590331 0.944188506082079 7
1628578590756 0.8388211434529844 8
1628578591213 0.8774089621224075 9
1628578591643 0.8608439116263268 10
1628578592068 0.8506584420702816 11
1628578592516 0.8938207903372349 12
1628578592965 0.982113562334943 13
1628578593390 0.8956916079455385 14
1628578593827 0.9047639695474352 15
1628578594268 0.981009136704145 16
1628578594745 1.0038150767961445 17
1628578595169 0.8496601401720691 18
1628578595596 1.1578971053174032 19
1628578596019 1.1069695181122012 20
1628578596446 0.8965332603316075 21
1628578596869 0.8913609657758548 22
1628578597297 0.8682498095601732 23
1628578597722 0.8493198171939725 24
1628578598139 0.8405842401882662 25
1628578598565 0.8875295391296812 26
1628578598994 0.9876469298385587 27
1628578599523 0.9682607745282358 28
1628578600031 1.055109017468399 29
1628578600567 0.8861157557370443 30
1628578601087 0.8690314483365549 31
1628578601149 0.8601895331816996 32
