1628653472764 1.3456080008457776 0
1628653473445 0.576411971988761 1
1628653474109 0.5426613743983063 2
1628653474583 0.5347212077528996 3
1628653475282 0.5268829971844075 4
1628653475718 0.5184325319143336 5
1628653476172 0.5210385843299833 6
1628653476837 0.5065291926492014 7
1628653477332 0.5006993861873036 8
1628653478123 0.496762293789295 9
1628653478605 0.5009039634907687 10
1628653479301 0.49528057828881034 11
1628653479825 0.49828880699047073 12
1628653480336 0.49073312242739253 13
1628653480812 0.5069057311735555 14
1628653481303 0.4966788729659526 15
1628653482020 0.49514213234142884 16
1628653482492 0.48457552340035864 17
1628653482991 0.48170560204471985 18
1628653483774 0.4838296940730115 19
1628653484258 0.4782707585206495 20
1628653484717 0.4795302750289808 21
1628653485387 0.4778387588911271 22
1628653485884 0.47116105059349805 23
1628653486345 0.47860205303350045 24
1628653486779 0.47499256167146897 25
1628653487216 0.47136147550767804 26
1628653487655 0.4774692474107597 27
1628653488121 0.46982424031502107 28
1628653488588 0.4650804760257836 29
1628653489038 0.4620407745729085 30
1628653489737 0.4656939103106441 31
1628653489802 0.4620407745729085 32
