1628578429752 1.2622441421212194 0
1628578430379 0.5756303594219745 1
1628578430969 0.5521664548240542 2
1628578431400 0.5476577980585867 3
1628578432042 0.5367608460812094 4
1628578432492 0.5277203783750014 5
1628578433006 0.5191041080304134 6
1628578433701 0.5184993247407541 7
1628578434138 0.5120993954337154 8
1628578434578 0.5071676256826327 9
1628578434998 0.5132932267331004 10
1628578435429 0.5024864329275396 11
1628578436057 0.5012270561057585 12
1628578436484 0.5043536449201573 13
1628578437126 0.49754282531308885 14
1628578437613 0.4948321934207765 15
1628578438337 0.48658826783808057 16
1628578438810 0.4946409701089021 17
1628578439262 0.4943497618126021 18
1628578439697 0.4878779233107986 19
1628578440157 0.48027938106567336 20
1628578440836 0.48289848287294285 21
1628578441275 0.47809522425567835 22
1628578441960 0.4822308364863316 23
1628578442403 0.48164621916022654 24
1628578442865 0.4784632574499043 25
1628578443327 0.47140953039984473 26
1628578443785 0.4777428709517031 27
1628578444250 0.47358150653589787 28
1628578444694 0.4832974695908305 29
1628578445158 0.47836717962136543 30
1628578445604 0.47585932247086377 31
1628578445660 0.47809522425567835 32
