1628653320254 1.4087556886257429 0
1628653320921 0.7907244652704476 1
1628653321643 0.7936755504483491 2
1628653322107 0.7910970775823102 3
1628653322579 0.7938815950914493 4
1628653323064 0.8004201862720276 5
1628653323744 0.7921577274756061 6
1628653324203 0.793770635309822 7
1628653324681 0.7885761301242188 8
1628653325186 0.797530091579357 9
1628653325658 0.7929185303381239 10
1628653326122 0.7894296551754965 11
1628653326543 0.7880790228904722 12
1628653327018 0.7993669626326689 13
1628653327505 0.7943057374150838 14
1628653327987 0.792003942644068 15
1628653328499 0.7937026549355224 16
1628653329228 0.791691967700767 17
1628653329719 0.7871494950292417 18
1628653330213 0.7963501861239137 19
1628653330694 0.7979453209958045 20
1628653331188 0.7925376044119625 21
1628653331675 0.7899852262170053 22
1628653332157 0.8000926568876944 23
1628653332637 0.7961414769324342 24
1628653333106 0.7948783308851952 25
1628653333547 0.7900846910026511 26
1628653333998 0.7898288211185341 27
1628653334453 0.7924598686822495 28
1628653334916 0.793242819803397 29
1628653335355 0.7974030430453708 30
1628653335791 0.795894725476821 31
1628653335852 0.7937026549355224 32
