1628651475962 1.680555389051041 0
1628651476571 0.5805590215721421 1
1628651476978 0.5484406377257172 2
1628651477398 0.5355780325943608 3
1628651477988 0.5288132491454579 4
1628651478417 0.5245777850966568 5
1628651478819 0.5177144705599949 6
1628651479226 0.51006571673663 7
1628651479839 0.5094186932378778 8
1628651480260 0.5087046144488244 9
1628651480675 0.5078627793963785 10
1628651481087 0.5055583456372903 11
1628651481511 0.5014256110811199 12
1628651481925 0.49967812192163 13
1628651482331 0.49712332667608405 14
1628651482749 0.5009218667327449 15
1628651483166 0.49684436613871036 16
1628651483613 0.4975082619912441 17
1628651484234 0.49263100617158734 18
1628651484679 0.4900070910620014 19
1628651485115 0.48837781883099846 20
1628651485587 0.49195876700253094 21
1628651486058 0.48374361873279037 22
1628651486506 0.4878529879976721 23
1628651486929 0.48611941427187205 24
1628651487660 0.4850949336475028 25
1628651488310 0.4829871421416081 26
1628651488737 0.48506354619042114 27
1628651489182 0.4847161708401006 28
1628651489677 0.4826545638066751 29
1628651490179 0.4762178768303053 30
1628651490648 0.4767696083501014 31
1628651490714 0.4850949336475028 32
