1628579289457 1.2413430262408398 0
1628579290067 0.5842802704635875 1
1628579290511 0.55872409604084 2
1628579291128 0.5435259134421422 3
1628579291574 0.5432991670713792 4
1628579292015 0.5288995592668924 5
1628579292669 0.5263989351110867 6
1628579293106 0.5198871759114788 7
1628579293533 0.5189199022943332 8
1628579293963 0.5137033694956016 9
1628579294412 0.5137142004552058 10
1628579294857 0.5109279441959025 11
1628579295513 0.508359461481708 12
1628579295967 0.5095032116772908 13
1628579296445 0.502541424229081 14
1628579296886 0.5116655533090396 15
1628579297322 0.4990202155594559 16
1628579297764 0.5044066765729118 17
1628579298216 0.4969382472958527 18
1628579298653 0.49510868070085756 19
1628579299082 0.49648657047508327 20
1628579299759 0.48985203011969164 21
1628579300196 0.48798869356523844 22
1628579300629 0.4967260177185679 23
1628579301121 0.4952600408310291 24
1628579301567 0.48923344857119616 25
1628579302041 0.48963854216802094 26
1628579302564 0.48548358804346775 27
1628579302996 0.48293759434138334 28
1628579303438 0.4818384730045399 29
1628579303871 0.47863078195285175 30
1628579304298 0.4815763406937072 31
1628579304557 0.4815763406937072 32
