1628653424756 4.708799069743271 0
1628653425373 0.7511954632200187 1
1628653425964 0.6677784687077212 2
1628653426585 0.6031506283610475 3
1628653427189 0.5801959806104977 4
1628653427810 0.5658087209245825 5
1628653428440 0.5529954679304911 6
1628653429071 0.5412354415624836 7
1628653429718 0.5308147751947374 8
1628653430146 0.5252291544157263 9
1628653430809 0.5198816165338848 10
1628653431495 0.5135128625337854 11
1628653432172 0.5108761661669095 12
1628653432664 0.5101233281265504 13
1628653433165 0.5074372037909736 14
1628653433656 0.5072611718395956 15
1628653434138 0.5063361581590787 16
1628653434865 0.5031433867732944 17
1628653435699 0.502581231041758 18
1628653436486 0.5002525003982699 19
1628653436969 0.49635640436008344 20
1628653437469 0.49687184617410296 21
1628653437937 0.495434391862167 22
1628653438379 0.4958856701634462 23
1628653438812 0.49223275195885674 24
1628653439269 0.49332981565852224 25
1628653439733 0.49227072574474195 26
1628653440517 0.49019386223804806 27
1628653440959 0.4884043099790184 28
1628653441402 0.489825137300429 29
1628653441841 0.489646748087072 30
1628653442291 0.4867858036584238 31
1628653442653 0.4867858036584238 32
