1628651327495 1.1815591889961785 0
1628651328099 0.6151127868055345 1
1628651328724 0.56363212366466 2
1628651329173 0.5526698613153823 3
1628651329790 0.5432765395607131 4
1628651330221 0.5289378733243645 5
1628651330667 0.5241290631723646 6
1628651331106 0.526071819864327 7
1628651331544 0.5170528517958904 8
1628651331994 0.5127975328209267 9
1628651332449 0.5026810370823916 10
1628651333112 0.5035657879443989 11
1628651333535 0.501797753027062 12
1628651334186 0.5002301261099509 13
1628651334819 0.4916086089225809 14
1628651335253 0.48539252591115806 15
1628651335687 0.4973949664688318 16
1628651336120 0.4881831589131227 17
1628651336768 0.48815475889740645 18
1628651337217 0.48176229554150707 19
1628651337641 0.479361952602398 20
1628651338060 0.48005928111059043 21
1628651338486 0.47529100700766497 22
1628651338924 0.47481406871269993 23
1628651339379 0.4768795534243338 24
1628651339821 0.4732149709543631 25
1628651340240 0.4778387152205019 26
1628651340722 0.4643335016248186 27
1628651341172 0.4698147953270827 28
1628651341627 0.4620353971691173 29
1628651342098 0.466766261402991 30
1628651342542 0.4624053453005304 31
1628651342602 0.4881831589131227 32
