1628650681240 1.1856652100772727 0
1628650681839 0.6220818657154784 1
1628650682299 0.5967849417709318 2
1628650682725 0.5668660053413851 3
1628650683148 0.5501863515151958 4
1628650683572 0.5433128893635112 5
1628650684174 0.5334082309456952 6
1628650684590 0.5334082945975689 7
1628650685028 0.5227844952324983 8
1628650685451 0.5186794417529498 9
1628650686100 0.5126134428028599 10
1628650686528 0.5142841184147909 11
1628650686964 0.5104376855066226 12
1628650687582 0.5127079083747247 13
1628650688073 0.5133447867852671 14
1628650688548 0.5027148881812155 15
1628650689036 0.5129913653943015 16
1628650689514 0.5162864658594695 17
1628650689984 0.5025926470843103 18
1628650690416 0.5028047859452303 19
1628650690851 0.50149656115837 20
1628650691341 0.4970418012057774 21
1628650691773 0.49564404156905806 22
1628650692275 0.4998478428037944 23
1628650692705 0.4943209022240268 24
1628650693137 0.49007387631339444 25
1628650693573 0.48743775813754436 26
1628650694015 0.4894962322478201 27
1628650694449 0.48333324575302994 28
1628650694899 0.4843010820810918 29
1628650695529 0.47649459065781524 30
1628650695972 0.4773567929679965 31
1628650696032 0.4843010820810918 32
