1628581158052 1.3773233942476493 0
1628581158789 0.5677609933985258 1
1628581159497 0.5413727899546652 2
1628581160171 0.532773121379819 3
1628581160589 0.5313493304587658 4
1628581161074 0.5158866869857888 5
1628581161603 0.5089971327920192 6
1628581162065 0.5135669445506714 7
1628581162571 0.5047508444780444 8
1628581163156 0.503052258933032 9
1628581163524 0.5013668008186545 10
1628581164037 0.5015345808381002 11
1628581164522 0.5059473782496428 12
1628581164975 0.493058909215006 13
1628581165482 0.48836730989798655 14
1628581166192 0.4872306576113642 15
1628581166627 0.48524736964191834 16
1628581167363 0.478832447624068 17
1628581167959 0.48456001679968297 18
1628581168474 0.4850051466026597 19
1628581169184 0.4799523604634714 20
1628581169694 0.4771037782524146 21
1628581170188 0.47108705079936425 22
1628581170715 0.47006968618218414 23
1628581171203 0.4731483494750641 24
1628581171693 0.4716005883705123 25
1628581172137 0.47095329463265473 26
1628581172572 0.4698272366063181 27
1628581173040 0.46883623846302713 28
1628581173487 0.4675133721639193 29
1628581173923 0.46532837091015145 30
1628581174363 0.46492190268391187 31
1628581174425 0.4850051466026597 32
