1628579617087 5.962118374409672 0
1628579617710 0.7547151185328664 1
1628579618327 0.6856680527794768 2
1628579618929 0.6283242748800013 3
1628579619544 0.5981976945242677 4
1628579620160 0.578122625391208 5
1628579620581 0.5675173894858655 6
1628579621214 0.5568295816364025 7
1628579621860 0.5449227707145348 8
1628579622287 0.5373581202677739 9
1628579622942 0.5301560354821476 10
1628579623370 0.5234651490234342 11
1628579624053 0.5201521247040992 12
1628579624531 0.5176534488872938 13
1628579625226 0.5150458404960715 14
1628579625666 0.5120618959832003 15
1628579626097 0.5094358588182675 16
1628579626779 0.5080039194563895 17
1628579627511 0.5056025031020699 18
1628579627946 0.5052724339300597 19
1628579628657 0.5039490371098445 20
1628579629090 0.5026613399332298 21
1628579629807 0.4995943776446144 22
1628579630614 0.5002163866766138 23
1628579631122 0.4993345543536572 24
1628579631619 0.4975567782539861 25
1628579632091 0.4999110119685479 26
1628579632535 0.4974905204409348 27
1628579633280 0.4955428707627776 28
1628579633734 0.49618079203276333 29
1628579634197 0.4952338276865176 30
1628579634647 0.4964384501103309 31
1628579634707 0.4974905204409348 32
