1628651435300 1.3297574765109115 0
1628651435892 0.5994292656926894 1
1628651436302 0.5772796880829871 2
1628651436902 0.5422593261464922 3
1628651437317 0.5245876338768456 4
1628651437725 0.5383864695729773 5
1628651438135 0.5451445612371963 6
1628651438739 0.5223035471718123 7
1628651439155 0.5216150512795735 8
1628651439568 0.5069729446196088 9
1628651439981 0.5109852386196194 10
1628651440398 0.5031392777321039 11
1628651440814 0.4933288627633515 12
1628651441228 0.49680113147459953 13
1628651441654 0.5067212903681404 14
1628651442072 0.4946614895059917 15
1628651442483 0.49108932989182125 16
1628651442895 0.49251987519433904 17
1628651443314 0.4867308494248059 18
1628651443730 0.49088372352898946 19
1628651444153 0.48706832305733155 20
1628651444571 0.487947656308384 21
1628651444988 0.48215279045880666 22
1628651445412 0.4882956352044295 23
1628651445827 0.48465525004512255 24
1628651446248 0.4804119260395967 25
1628651446654 0.48377018305557573 26
1628651447274 0.4842643534782232 27
1628651447703 0.4813655983648529 28
1628651448136 0.4766768610122503 29
1628651448552 0.4879656364152461 30
1628651448975 0.47893528477677677 31
1628651449036 0.48377018305557573 32
