1628579573448 3.4846567688381316 0
1628579574085 0.7622802075737183 1
1628579574694 0.6636281808217367 2
1628579575325 0.5802626532645181 3
1628579575983 0.5470255667650795 4
1628579576707 0.5308381326837477 5
1628579577188 0.523338307698914 6
1628579577618 0.520822936716336 7
1628579578300 0.5135519464724118 8
1628579578960 0.5110868440647444 9
1628579579725 0.5124322124036569 10
1628579580249 0.5075333231523059 11
1628579580710 0.5033461392039437 12
1628579581162 0.5033534569266748 13
1628579581616 0.49985533426789674 14
1628579582289 0.49715334075024875 15
1628579582761 0.4951167044513193 16
1628579583199 0.49696389576535166 17
1628579583890 0.4919356708736115 18
1628579584330 0.49199899306051437 19
1628579584767 0.4904849956037995 20
1628579585222 0.48817009655738447 21
1628579585658 0.4905101378585605 22
1628579586152 0.48720953173627 23
1628579586633 0.490068433764367 24
1628579587086 0.49046641865240637 25
1628579587535 0.4842011988292852 26
1628579587990 0.48490012195245374 27
1628579588461 0.484332887348959 28
1628579588954 0.48416661177325615 29
1628579589454 0.48504468604933115 30
1628579589897 0.4818867971321207 31
1628579589963 0.49696389576535166 32
