1628652665146 2.0676580324238767 0
1628652665742 0.6752766624266199 1
1628652666340 0.5509058865045583 2
1628652666939 0.5336274822812714 3
1628652667610 0.5272023449060098 4
1628652668077 0.51882346510108 5
1628652668554 0.5166943300090671 6
1628652669029 0.5210110091008435 7
1628652669734 0.5069722125689535 8
1628652670203 0.5040270001069523 9
1628652670677 0.5037986427956763 10
1628652671155 0.5011356520204763 11
1628652671814 0.49772353980557676 12
1628652672247 0.49344806672874014 13
1628652672674 0.4932389646746927 14
1628652673098 0.49337280437231235 15
1628652673518 0.491174964105728 16
1628652673931 0.49075586097172924 17
1628652674594 0.48623593200265974 18
1628652675025 0.48248307866814694 19
1628652675461 0.48408117336298817 20
1628652675891 0.4822934072521517 21
1628652676322 0.4827155113739645 22
1628652676744 0.4817644172201316 23
1628652677163 0.47709482926915936 24
1628652677587 0.4762329999398042 25
1628652678022 0.47419610264600837 26
1628652678449 0.4778597317663067 27
1628652678866 0.47284975195588974 28
1628652679288 0.47630819273583686 29
1628652679951 0.47468662816022045 30
1628652680368 0.4752142227856076 31
1628652680427 0.47630819273583686 32
