1628578518899 1.1925870685276123 0
1628578519494 0.7950835457922499 1
1628578519902 0.7961489102203255 2
1628578520313 0.7964292023609579 3
1628578520933 0.7965273868803885 4
1628578521527 0.798705406914436 5
1628578521943 0.799539224341371 6
1628578522355 0.7983454468463241 7
1628578522783 0.7886221072079915 8
1628578523388 0.620054828921521 9
1628578524004 0.5688800508982909 10
1628578524436 0.5739216779831448 11
1628578525073 0.5518307714961799 12
1628578525491 0.5557160078397071 13
1628578525919 0.5646833272714414 14
1628578526344 0.5425419221559814 15
1628578526998 0.542194671880186 16
1628578527422 0.5492632070051732 17
1628578527844 0.5270323654232288 18
1628578528271 0.529036440453022 19
1628578528692 0.5406137590574543 20
1628578529142 0.521822764170975 21
1628578529567 0.5356349159159258 22
1628578529994 0.5268983921454103 23
1628578530418 0.5291418247493004 24
1628578530873 0.5297836010535731 25
1628578531317 0.5168372761017184 26
1628578531743 0.5209820146632523 27
1628578532388 0.5115133194643774 28
1628578532815 0.5115322298820069 29
1628578533248 0.5090525885333748 30
1628578533673 0.511378454746504 31
1628578533727 0.5209820146632523 32
