1628651455827 1.5402869151150382 0
1628651456433 0.7974983745930242 1
1628651456856 0.7962138556706879 2
1628651457272 0.7883382962939526 3
1628651457879 0.7914187760134928 4
1628651458304 0.78724189505817 5
1628651458718 0.7898278297422239 6
1628651459134 0.8003729148108455 7
1628651459561 0.7925826784658883 8
1628651459984 0.8019685039970832 9
1628651460400 0.7923968565273561 10
1628651460843 0.7995374262029915 11
1628651461277 0.7932846842032026 12
1628651461700 0.7960975888092544 13
1628651462106 0.7893432682202879 14
1628651462523 0.7960729609476191 15
1628651462958 0.7905114258977431 16
1628651463376 0.7880811405597429 17
1628651463802 0.7949097663402211 18
1628651464218 0.7921942266417138 19
1628651464651 0.7901465155503375 20
1628651465062 0.7899078992110885 21
1628651465482 0.7918381962814276 22
1628651465913 0.7919711645046004 23
1628651466334 0.7995059644301559 24
1628651466745 0.7919011204331009 25
1628651467173 0.7899805061524556 26
1628651467589 0.7932736581879937 27
1628651468019 0.7973158054795054 28
1628651468435 0.790639118215011 29
1628651468853 0.792065775905213 30
1628651469284 0.7963364931146737 31
1628651469345 0.7883382962939526 32
