1628580527669 1.8325603291359862 0
1628580528289 0.8377132220985064 1
1628580528731 0.8260404448969778 2
1628580529150 0.846815665270768 3
1628580529579 0.8417533943422826 4
1628580530008 0.8516977968299051 5
1628580530478 0.828874922496826 6
1628580530921 0.846526173536565 7
1628580531370 0.8467387971275513 8
1628580531909 0.8778672169301505 9
1628580532453 0.8335260821150625 10
1628580533156 0.8711514402405456 11
1628580533641 0.8342766858740137 12
1628580534126 0.8299279250177509 13
1628580534623 0.8352355538024016 14
1628580535099 0.8295244537753823 15
1628580535596 0.8062337638679067 16
1628580536287 0.8333135168450244 17
1628580536765 0.8290223332531831 18
1628580537247 0.8071007660617843 19
1628580537741 0.824972949775995 20
1628580538223 0.8550079594770028 21
1628580538748 0.8321384671120515 22
1628580539219 0.8377509163783899 23
1628580539709 0.8301484868763666 24
1628580540191 0.8660100337466903 25
1628580540661 0.8186926457471541 26
1628580541137 0.8222891164154962 27
1628580541623 0.8519311994963482 28
1628580542103 0.8906249811273601 29
1628580542623 0.8472069183942106 30
1628580543114 0.8383398596887235 31
1628580543161 0.8062337638679067 32
