1628579640979 1.3572013349574636 0
1628579641589 0.5789618993322747 1
1628579642198 0.5372630668967724 2
1628579642853 0.5308113294662387 3
1628579643282 0.5290095490134966 4
1628579643917 0.5191393479888822 5
1628579644359 0.5256305164241583 6
1628579645002 0.50989625045655 7
1628579645685 0.5054013437429847 8
1628579646236 0.510130834692011 9
1628579646781 0.49949083450746085 10
1628579647326 0.4969339272062806 11
1628579648152 0.49554488436605026 12
1628579648683 0.5019437527431468 13
1628579649436 0.49552653838130295 14
1628579649871 0.49506438749158566 15
1628579650316 0.4873690852542329 16
1628579650777 0.4880268529609398 17
1628579651215 0.4887400773355904 18
1628579651674 0.4882151847657901 19
1628579652115 0.482735276222229 20
1628579652575 0.48677121601679574 21
1628579653009 0.4804618332207679 22
1628579653443 0.48519417521805547 23
1628579653896 0.4821385407932617 24
1628579654596 0.475038067945641 25
1628579655034 0.47614469295320255 26
1628579655476 0.48088392942938235 27
1628579655963 0.47519525428916026 28
1628579656401 0.4817014301091584 29
1628579656853 0.47279165487143987 30
1628579657313 0.4693029112112894 31
1628579657640 0.4693029112112894 32
