1628651497426 1.24411898905502 0
1628651498017 0.7976530292541459 1
1628651498601 0.7970802789160369 2
1628651499277 0.7336207194525691 3
1628651499919 0.5896110382409916 4
1628651500552 0.5633843474917941 5
1628651500990 0.5647139017921301 6
1628651501652 0.5453988004613806 7
1628651502442 0.5373238794878937 8
1628651502950 0.5348512234900772 9
1628651503646 0.5238761902288327 10
1628651504075 0.5307957832157049 11
1628651504517 0.5224829639484679 12
1628651504949 0.5276324228747472 13
1628651505375 0.5319235798731695 14
1628651505818 0.5229797281254523 15
1628651506254 0.5172999111168525 16
1628651506680 0.5055460789191524 17
1628651507107 0.5111658033159391 18
1628651507783 0.5035047970912382 19
1628651508248 0.5067120035143113 20
1628651508686 0.5006015576589947 21
1628651509112 0.49698033437576516 22
1628651509556 0.5111045620756558 23
1628651510233 0.5036308809130107 24
1628651510679 0.4914527769831531 25
1628651511119 0.49305750038975293 26
1628651511569 0.4909286018983125 27
1628651512027 0.504675199523211 28
1628651512493 0.491475416554345 29
1628651512936 0.48848422415981974 30
1628651513385 0.48956368752121493 31
1628651513444 0.5111045620756558 32
