1628653853584 1.3195510378070907 0
1628653854233 0.8009034581780001 1
1628653854865 0.7928568033600252 2
1628653855318 0.7990020126558857 3
1628653855942 0.7969001979826149 4
1628653856381 0.7931980434412876 5
1628653856828 0.7969213102334811 6
1628653857281 0.7598473763413939 7
1628653857722 0.6051107140754389 8
1628653858380 0.5649909232739703 9
1628653858813 0.554133899850783 10
1628653859263 0.5583937364206335 11
1628653860087 0.5397540723922553 12
1628653860796 0.5449249027168396 13
1628653861514 0.5419623804378094 14
1628653862004 0.5349817274864722 15
1628653862492 0.5252516068837395 16
1628653862977 0.5322541127667189 17
1628653863480 0.5266864072956204 18
1628653863961 0.5360377423232591 19
1628653864453 0.5309842460468877 20
1628653864954 0.5233610779717943 21
1628653865466 0.5142987068463861 22
1628653865942 0.5262487971791342 23
1628653866427 0.5657551168270014 24
1628653866925 0.5218283567380109 25
1628653867433 0.5234309479475194 26
1628653867914 0.5245562703088305 27
1628653868390 0.5256431496587087 28
1628653868864 0.5096088851286003 29
1628653869568 0.5094875458278947 30
1628653870035 0.5103139376853503 31
1628653870100 0.5096088851286003 32
