1628579796414 1.4096165716691387 0
1628579797062 0.8095906534799829 1
1628579797713 0.8103708192413929 2
1628579798328 0.8153669631559085 3
1628579798759 0.8222225523981913 4
1628579799198 0.8200761367206394 5
1628579799828 0.8086563617142544 6
1628579800276 0.8105234949157648 7
1628579800717 0.8224086484641806 8
1628579801149 0.8006891800860347 9
1628579801613 0.8161342162192518 10
1628579802064 0.8175132193250247 11
1628579802510 0.8086349399694084 12
1628579802960 0.8078748236208093 13
1628579803422 0.8008321820607459 14
1628579803864 0.8028472554190227 15
1628579804370 0.7974776715667852 16
1628579804853 0.7971035145986054 17
1628579805302 0.8283618792685894 18
1628579805754 0.824263649741722 19
1628579806408 0.8200534243750762 20
1628579807058 0.8050241332349672 21
1628579807491 0.8026450433069671 22
1628579807919 0.8137980197910044 23
1628579808350 0.8038653246977231 24
1628579808792 0.8061507736848763 25
1628579809234 0.7971354849371429 26
1628579809665 0.8115144959808521 27
1628579810114 0.8054554808965005 28
1628579810596 0.8036125583240064 29
1628579811076 0.8073725457977539 30
1628579811551 0.8024422107785183 31
1628579811595 0.8200534243750762 32
