1628653803012 1.4252559011754733 0
1628653803694 0.5899909439299881 1
1628653804460 0.5507240635204246 2
1628653804934 0.539953502694506 3
1628653805409 0.5366777537218799 4
1628653806196 0.5239672604988863 5
1628653806746 0.5204274587295328 6
1628653807235 0.5133795841673447 7
1628653807736 0.5097243481450264 8
1628653808262 0.5054701674910845 9
1628653808795 0.5048506818305952 10
1628653809297 0.500250133207594 11
1628653809785 0.5000491875535609 12
1628653810275 0.49576777691588336 13
1628653810971 0.48903006587932313 14
1628653811460 0.4891919864472827 15
1628653812263 0.4858646506339463 16
1628653812772 0.47740342677959774 17
1628653813280 0.48307176530577606 18
1628653813755 0.48072536730125665 19
1628653814475 0.4724177386159904 20
1628653814982 0.476968100366163 21
1628653815486 0.4746777881599676 22
1628653816064 0.47012110932113993 23
1628653816618 0.4740234386925258 24
1628653817115 0.4668060440851474 25
1628653817607 0.4684709378246951 26
1628653818089 0.46816048601786986 27
1628653818540 0.46872147686168086 28
1628653818981 0.4658463422882661 29
1628653819668 0.4634433602758656 30
1628653820122 0.46532267513877684 31
1628653820185 0.4658463422882661 32
