1628581202771 1.8485321774375378 0
1628581203380 0.6025467482527357 1
1628581204018 0.5638535514679524 2
1628581204669 0.5385375980371657 3
1628581205123 0.5295718186545086 4
1628581205555 0.5223435792008776 5
1628581205984 0.523517301615893 6
1628581206447 0.5216048748361606 7
1628581207155 0.5168461595745129 8
1628581207637 0.5129688852666163 9
1628581208153 0.5090273035853863 10
1628581208643 0.5094409677468527 11
1628581209135 0.5033992484114529 12
1628581209629 0.5019057435927048 13
1628581210139 0.506315399348173 14
1628581210635 0.4979845943469108 15
1628581211143 0.49851955302173273 16
1628581211672 0.4936374182188606 17
1628581212124 0.49370654532246255 18
1628581212619 0.4923869848208057 19
1628581213128 0.48951746504983784 20
1628581213654 0.4909628261754542 21
1628581214158 0.49030130971480124 22
1628581214670 0.48679282540589375 23
1628581215160 0.4848576213842557 24
1628581215641 0.48152270101514 25
1628581216159 0.48159678747435153 26
1628581216927 0.48486998579860513 27
1628581217417 0.48056611117887255 28
1628581217880 0.47858539736608535 29
1628581218336 0.4784580145353152 30
1628581219004 0.47486375730022107 31
1628581219065 0.4784580145353152 32
