1628581113093 1.699811034927181 0
1628581113755 0.610943291528379 1
1628581114233 0.5575522141086077 2
1628581114946 0.5340950006623154 3
1628581115622 0.5212745397265787 4
1628581116095 0.5206249909030413 5
1628581116580 0.5262613002164864 6
1628581117050 0.5126373293872493 7
1628581117562 0.5089503628842278 8
1628581118031 0.5063338747860819 9
1628581118670 0.5044135877033378 10
1628581119113 0.4986310406664445 11
1628581119548 0.4934034120066926 12
1628581120000 0.49277104592098214 13
1628581120463 0.49686154184258324 14
1628581120975 0.49781422192581165 15
1628581121653 0.49343153016645797 16
1628581122086 0.48328657827313687 17
1628581122558 0.48914730033756776 18
1628581123054 0.48598421836297584 19
1628581123528 0.4837386568300778 20
1628581124052 0.48122185550916863 21
1628581124582 0.48227240611611716 22
1628581125061 0.48568131539297 23
1628581125585 0.47938759242283885 24
1628581126341 0.4745963057834512 25
1628581126839 0.4751331963635218 26
1628581127311 0.4714132856439661 27
1628581127786 0.4772409891510841 28
1628581128263 0.47175753315722674 29
1628581128740 0.47271246620512736 30
1628581129476 0.46600710471298007 31
1628581129522 0.47271246620512736 32
