1628578497023 2.9784712304476817 0
1628578497634 0.6675432798389775 1
1628578498042 0.5826089637774701 2
1628578498676 0.5542668804970009 3
1628578499347 0.5329927685646882 4
1628578499808 0.5241760169585372 5
1628578500255 0.5116677109359039 6
1628578500878 0.5119292968065737 7
1628578501569 0.5080458735458732 8
1628578502032 0.5003985889423733 9
1628578502577 0.5013549336940375 10
1628578503318 0.49776616075719365 11
1628578503768 0.4943045492547097 12
1628578504301 0.490396833281285 13
1628578504782 0.4880051727108414 14
1628578505300 0.4928917175912303 15
1628578505790 0.48791155818587384 16
1628578506213 0.49014716630986876 17
1628578506636 0.48686177360898963 18
1628578507073 0.4868737840747695 19
1628578507723 0.4822446327675445 20
1628578508163 0.4849298271738106 21
1628578508590 0.48065153658173615 22
1628578509054 0.4789800422513667 23
1628578509712 0.4838457939498392 24
1628578510136 0.47921133175568037 25
1628578510583 0.48141527181314053 26
1628578511018 0.4766482015667225 27
1628578511438 0.47684944823070463 28
1628578511860 0.4784474960604741 29
1628578512282 0.47784150006031767 30
1628578512717 0.47515571967968495 31
1628578512774 0.4789800422513667 32
