1628653639116 1.6195126952861822 0
1628653639751 0.5716828602591372 1
1628653640176 0.5424139774096731 2
1628653640771 0.5295860736198674 3
1628653641385 0.5203219679878861 4
1628653641818 0.5198585793657328 5
1628653642257 0.5139644370186389 6
1628653642741 0.5164923439899388 7
1628653643413 0.5062864024351711 8
1628653643883 0.5046224740422456 9
1628653644361 0.49925604337635643 10
1628653645033 0.5008741161186104 11
1628653645527 0.5004741144336127 12
1628653646033 0.4962121584251815 13
1628653646731 0.49396193261240046 14
1628653647210 0.5041510901246802 15
1628653647693 0.49468638270162724 16
1628653648175 0.493073468287959 17
1628653648917 0.4889086655996464 18
1628653649426 0.4916916473152504 19
1628653649886 0.48490345973140014 20
1628653650332 0.484415627101581 21
1628653650770 0.47963396364047894 22
1628653651225 0.4856151503415409 23
1628653651657 0.4840499948745373 24
1628653652116 0.48462144048991374 25
1628653652548 0.4817862451595938 26
1628653653008 0.4783913000779647 27
1628653653463 0.4776796848988654 28
1628653653902 0.47371136735294206 29
1628653654571 0.4753757430404187 30
1628653655027 0.4752232872799158 31
1628653655091 0.47371136735294206 32
