1628579596072 1.4496936137553307 0
1628579596698 0.8037264814563826 1
1628579597122 0.8002807866340975 2
1628579597540 0.8198801800229883 3
1628579597968 0.8134808388951903 4
1628579598389 0.8054071279565926 5
1628579598860 0.8268482464331167 6
1628579599595 0.812392989880985 7
1628579600057 0.8099995914714095 8
1628579600501 0.793332681676661 9
1628579600968 0.8379543268256371 10
1628579601640 0.8141746757336951 11
1628579602101 0.8105002607914877 12
1628579602614 0.8155288362122136 13
1628579603073 0.8054107083474369 14
1628579603493 0.8128765303061256 15
1628579603914 0.7992060780092349 16
1628579604383 0.8122325011934157 17
1628579604830 0.7954340642974181 18
1628579605251 0.803872729871441 19
1628579605678 0.8169191212609096 20
1628579606108 0.8108027619387502 21
1628579606531 0.8019244917164527 22
1628579606947 0.8174651936508212 23
1628579607381 0.8162956783411377 24
1628579607806 0.8130788245578564 25
1628579608221 0.8115824397785905 26
1628579608636 0.835308888756664 27
1628579609058 0.8087395523108688 28
1628579609501 0.7981327147363058 29
1628579609919 0.8021296642791039 30
1628579610338 0.8270862619341848 31
1628579610400 0.8379543268256371 32
