1628652711066 1.2249502502841714 0
1628652711664 0.5816766309755473 1
1628652712284 0.5541662705403441 2
1628652712734 0.5519795956045455 3
1628652713376 0.5296943159361377 4
1628652714035 0.5207826406542772 5
1628652714490 0.524936676912751 6
1628652715169 0.5185081809434496 7
1628652715856 0.5155597894344974 8
1628652716307 0.5167996776259802 9
1628652716746 0.5229624795876904 10
1628652717172 0.5057433592879261 11
1628652717596 0.5051650879776123 12
1628652718014 0.5023236405442569 13
1628652718432 0.5037367990377075 14
1628652718856 0.4966646477461034 15
1628652719298 0.49078660186166423 16
1628652719729 0.49493042032789647 17
1628652720166 0.4950870553933804 18
1628652720656 0.4976446698477239 19
1628652721112 0.49045184049038415 20
1628652721535 0.48823035529496106 21
1628652721974 0.4908467222251317 22
1628652722409 0.48882424840047556 23
1628652722841 0.4922817344293702 24
1628652723263 0.4836998715639634 25
1628652723703 0.4913966265292642 26
1628652724132 0.4786862770370062 27
1628652724566 0.4808496493094086 28
1628652724992 0.4826320295932939 29
1628652725416 0.4953822960283069 30
1628652726072 0.4816547427475236 31
1628652726128 0.4953822960283069 32
