1628652823020 1.4352352207955366 0
1628652823643 0.5736571663778246 1
1628652824054 0.5560477322309711 2
1628652824644 0.5413225299977009 3
1628652825247 0.5312778658910601 4
1628652825678 0.5309544128237986 5
1628652826088 0.5173244807888133 6
1628652826498 0.5095881997197109 7
1628652826932 0.5107921870965064 8
1628652827348 0.5069635059405863 9
1628652827760 0.5029750149927021 10
1628652828173 0.49339992816498424 11
1628652828598 0.494355359931051 12
1628652829028 0.4891772057452579 13
1628652829645 0.4819206820290939 14
1628652830079 0.4827747399510901 15
1628652830503 0.48208363242744967 16
1628652830930 0.4801098400741794 17
1628652831342 0.47644825101158456 18
1628652831756 0.4783732565356582 19
1628652832188 0.47214651475717995 20
1628652832654 0.473286570395433 21
1628652833321 0.4677038762607519 22
1628652834012 0.4688939396224337 23
1628652834496 0.46596206602361123 24
1628652834969 0.46876212575769804 25
1628652835451 0.4668754236197766 26
1628652836228 0.46546170442279217 27
1628652837005 0.4638628584475472 28
1628652837470 0.4649155156371727 29
1628652837897 0.46119033463553577 30
1628652838564 0.4637485626995693 31
1628652838629 0.46119033463553577 32
