1628578540819 2.794596225196413 0
1628578541419 0.6051804526785447 1
1628578542031 0.5655424409453299 2
1628578542656 0.5416132834893512 3
1628578543292 0.5225615549018267 4
1628578543719 0.5176326731475545 5
1628578544372 0.5111518264595979 6
1628578544798 0.5079462021026563 7
1628578545452 0.5048676775971301 8
1628578545893 0.5017103741111838 9
1628578546336 0.49872098939416193 10
1628578546780 0.49492973949152846 11
1628578547500 0.4908441383399735 12
1628578548215 0.491692350069487 13
1628578548681 0.489886745561615 14
1628578549130 0.4890101056819215 15
1628578549581 0.49112634510126507 16
1628578550046 0.48451408298013865 17
1628578550848 0.48435611536992834 18
1628578551379 0.47991374351446753 19
1628578551832 0.4828038210010044 20
1628578552517 0.478534529022142 21
1628578552980 0.4807226112249024 22
1628578553423 0.48010579715756807 23
1628578553926 0.47911263959578354 24
1628578554489 0.474973172357897 25
1628578555058 0.4767818587278229 26
1628578555575 0.475135495730648 27
1628578556050 0.47348818583339564 28
1628578556501 0.47280868771029455 29
1628578556954 0.4711694402718942 30
1628578557421 0.47451193633941785 31
1628578557480 0.4828038210010044 32
