1628653497779 1.2312414389030606 0
1628653498399 0.5684704013471813 1
1628653499017 0.5457153857490162 2
1628653499451 0.5265379169105012 3
1628653500069 0.5239736099085603 4
1628653500713 0.5243139409811148 5
1628653501362 0.5214592313195106 6
1628653501790 0.5134971835795917 7
1628653502220 0.5120802426043852 8
1628653502661 0.5024548458637496 9
1628653503085 0.5031545961474542 10
1628653503750 0.4965837820444578 11
1628653504228 0.5011154527281537 12
1628653504672 0.49424116015867126 13
1628653505119 0.4893210639577892 14
1628653505563 0.4892510991210771 15
1628653506007 0.49411286374712304 16
1628653506443 0.4886576536347577 17
1628653506868 0.4833248762783142 18
1628653507334 0.48000081386701215 19
1628653507813 0.483934654476163 20
1628653508280 0.4743404733848987 21
1628653508753 0.47658804816531375 22
1628653509271 0.4734909356982273 23
1628653509761 0.4755210279985537 24
1628653510267 0.47812301305730703 25
1628653510978 0.46453459183201895 26
1628653511449 0.47356461972193004 27
1628653511939 0.4795546188582609 28
1628653512447 0.46839580560994476 29
1628653512948 0.4742540158845414 30
1628653513445 0.46940755230538983 31
1628653513487 0.47812301305730703 32
