1628578564597 2.492035973175938 0
1628578565209 0.594690945240234 1
1628578565809 0.5492992061761816 2
1628578566268 0.5325838768058007 3
1628578566768 0.5237012431512471 4
1628578567443 0.5169674038627309 5
1628578567930 0.5106821940615286 6
1628578568375 0.5066626251025225 7
1628578569026 0.5066428500557009 8
1628578569664 0.5013195595547784 9
1628578570109 0.49933626933987796 10
1628578570536 0.5008019596424844 11
1628578570973 0.4922162415047184 12
1628578571429 0.49151868703751433 13
1628578571910 0.4948452607219256 14
1628578572365 0.4941897857163207 15
1628578573034 0.48864257956815094 16
1628578573813 0.48661504349331103 17
1628578574315 0.48507743449469104 18
1628578574825 0.4842972877498286 19
1628578575333 0.48463068057335884 20
1628578575774 0.48590904268650537 21
1628578576201 0.48030818253214497 22
1628578576641 0.4832787229561165 23
1628578577105 0.480158437570975 24
1628578577532 0.47834795691781745 25
1628578577964 0.4815814856956554 26
1628578578420 0.4808010027656628 27
1628578578855 0.47508643802387956 28
1628578579289 0.4748885774458762 29
1628578579712 0.4719902010351831 30
1628578580148 0.4791600251882814 31
1628578580205 0.48864257956815094 32
