1628653617332 1.4795962297665355 0
1628653617964 0.8167023973440726 1
1628653618427 0.799459443286267 2
1628653618859 0.8174348594695221 3
1628653619283 0.8257850998540502 4
1628653619710 0.8332688688539298 5
1628653620149 0.8205036912695082 6
1628653620572 0.8357262562043267 7
1628653620989 0.8140040133053744 8
1628653621405 0.8278933545702438 9
1628653621849 0.8283423767110621 10
1628653622451 0.8114775465551112 11
1628653622869 0.8083087364042593 12
1628653623293 0.8432831710878118 13
1628653623715 0.8038008268449128 14
1628653624324 0.8167892939471298 15
1628653624747 0.8130065493594067 16
1628653625204 0.8080803200916354 17
1628653625637 0.8286297271540828 18
1628653626077 0.8146734620318 19
1628653626498 0.8354814452543238 20
1628653626933 0.8390897139311703 21
1628653627399 0.8195602814183343 22
1628653627859 0.8195636702042692 23
1628653628322 0.8162047000752035 24
1628653628790 0.8233635783974641 25
1628653629294 0.8116677145033361 26
1628653629753 0.8145018993466335 27
1628653630221 0.8122173404035659 28
1628653630704 0.8183886217049438 29
1628653631165 0.8250136011825927 30
1628653631630 0.8180956598979975 31
1628653631673 0.8038008268449128 32
