1628653710036 2.369799465871671 0
1628653710651 0.8436335777145585 1
1628653711070 0.8170861112266324 2
1628653711683 0.812398801874924 3
1628653712110 0.8403848240837812 4
1628653712535 0.9130162262968508 5
1628653712959 0.8387079255340233 6
1628653713391 0.8510876522604417 7
1628653713814 0.9048592981949352 8
1628653714226 0.8225607665102812 9
1628653714843 0.8196232474274452 10
1628653715267 0.8270282049135143 11
1628653715724 0.8381390519651193 12
1628653716160 0.8349822835378571 13
1628653716593 0.8469680709819821 14
1628653717020 0.8656088576510754 15
1628653717705 0.8130092158556504 16
1628653718176 0.8311144561116559 17
1628653718660 0.857853474462041 18
1628653719133 0.8286301476763225 19
1628653719595 0.8154270451572726 20
1628653720072 0.8550807276582406 21
1628653720536 0.8311512386487201 22
1628653721006 0.9078112711308872 23
1628653721478 0.8924124983660796 24
1628653722155 0.8146627798579098 25
1628653722634 0.8263882872152779 26
1628653723124 0.8390686248815311 27
1628653723598 0.8809232509646974 28
1628653724077 0.8120381612230576 29
1628653724549 0.7972383989628536 30
1628653724985 0.8564757360612125 31
1628653725046 0.8924124983660796 32
