1628581090920 1.3355430013343919 0
1628581091614 0.596083679100527 1
1628581092322 0.5678010046043817 2
1628581092803 0.5418873992447586 3
1628581093274 0.5415416486729031 4
1628581093769 0.5278974210081883 5
1628581094265 0.5262748857469081 6
1628581094729 0.5271194487453027 7
1628581095427 0.5243411314272651 8
1628581095899 0.5181720593190747 9
1628581096398 0.517261283148889 10
1628581097087 0.5225159673043239 11
1628581097575 0.5127430689793699 12
1628581098080 0.5189711209129577 13
1628581098541 0.5183660508760439 14
1628581098968 0.51508880553249 15
1628581099406 0.5086643612560104 16
1628581099842 0.4985035404011055 17
1628581100271 0.504854347353927 18
1628581100712 0.5011004200861259 19
1628581101158 0.5010230811062548 20
1628581101790 0.49528359847390835 21
1628581102218 0.4989845575243992 22
1628581102674 0.5001401934656399 23
1628581103320 0.4890778185928223 24
1628581103752 0.49634351144688843 25
1628581104185 0.49769413549136493 26
1628581104889 0.48410209011321664 27
1628581105345 0.48922107638703277 28
1628581105821 0.48653006397820764 29
1628581106269 0.48003305871372387 30
1628581106938 0.48522079735081275 31
1628581106997 0.48003305871372387 32
