1628652576372 1.2871124087335757 0
1628652576969 0.7904923136630781 1
1628652577422 0.793617145709569 2
1628652577898 0.7917138850160846 3
1628652578549 0.6603565517766976 4
1628652579235 0.5704825592478203 5
1628652579715 0.5500109290025084 6
1628652580382 0.5603256886561192 7
1628652580856 0.5345989987741109 8
1628652581339 0.5351835511998154 9
1628652581971 0.5342173755233843 10
1628652582406 0.5262623140798068 11
1628652583034 0.5180154833009301 12
1628652583464 0.5178002722469377 13
1628652583895 0.5102179854264186 14
1628652584334 0.5024131539080917 15
1628652584782 0.5235857333319726 16
1628652585257 0.5205917031481895 17
1628652585711 0.523016286690597 18
1628652586176 0.5011684474688816 19
1628652586621 0.5042246591594657 20
1628652587062 0.5054701410001313 21
1628652587488 0.5111976640871148 22
1628652587923 0.4976001160899711 23
1628652588350 0.49353311632366914 24
1628652588803 0.495799822874838 25
1628652589242 0.5046956280845616 26
1628652589669 0.48882903616412793 27
1628652590105 0.5148391909978488 28
1628652590561 0.48892108205443463 29
1628652590992 0.4878490200143148 30
1628652591432 0.48920200655836077 31
1628652591494 0.5262623140798068 32
