1628652598500 2.666458187647808 0
1628652599130 0.7157459387159382 1
1628652599739 0.6012115710527896 2
1628652600399 0.5719874107759763 3
1628652601008 0.5593163182576151 4
1628652601629 0.5318285631111938 5
1628652602268 0.5199800599893973 6
1628652602695 0.5170122570937842 7
1628652603142 0.5118098581884768 8
1628652603573 0.5103175715856476 9
1628652604246 0.5056670564798315 10
1628652604692 0.5041200163204036 11
1628652605149 0.5001580022686664 12
1628652605576 0.4997044614717072 13
1628652606029 0.496776648033505 14
1628652606486 0.4944101924816594 15
1628652606932 0.4944933915244295 16
1628652607647 0.4886890878561362 17
1628652608145 0.49171718723460567 18
1628652608624 0.4865388429805517 19
1628652609113 0.4826111533802839 20
1628652609593 0.48416330083696063 21
1628652610308 0.48399134436940144 22
1628652610785 0.4833797384364586 23
1628652611281 0.4804208332763345 24
1628652611737 0.4796428416376107 25
1628652612166 0.4795287655437867 26
1628652612601 0.47690838311319345 27
1628652613035 0.4770437234021134 28
1628652613482 0.47576508192195355 29
1628652613915 0.4732572268383522 30
1628652614348 0.47097707071768347 31
1628652614411 0.48416330083696063 32
