1628651393687 1.3390257531694512 0
1628651394300 0.8002824856545951 1
1628651394917 0.8099692060017638 2
1628651395522 0.8105452481438132 3
1628651395955 0.8064956674805437 4
1628651396385 0.8005725402458042 5
1628651397004 0.806043375897598 6
1628651397444 0.806360818375343 7
1628651397888 0.8067398872835184 8
1628651398313 0.7993826936705872 9
1628651398979 0.8091209040834321 10
1628651399434 0.8118411679153609 11
1628651399892 0.8048915022425489 12
1628651400320 0.8042271821154315 13
1628651400754 0.8064378755371382 14
1628651401196 0.7966821056478857 15
1628651401624 0.8125104778239973 16
1628651402053 0.8300241103792156 17
1628651402491 0.8101538732896789 18
1628651402943 0.8050672735696958 19
1628651403370 0.8134517667946299 20
1628651403828 0.8089734524942951 21
1628651404518 0.8040969061003098 22
1628651404950 0.8000855148055022 23
1628651405375 0.8062877237699391 24
1628651405817 0.8104355918188068 25
1628651406255 0.8050107885160218 26
1628651406677 0.8047921101771668 27
1628651407086 0.8067444882361717 28
1628651407511 0.8009222355456826 29
1628651407945 0.8050722071634485 30
1628651408366 0.8005059808600875 31
1628651408421 0.8089734524942951 32
