1628652754478 1.216028344262183 0
1628652755106 0.5867793175000251 1
1628652755694 0.557377206171087 2
1628652756114 0.5482753451180441 3
1628652756533 0.5429790406098985 4
1628652756953 0.532875931514028 5
1628652757391 0.5274848596408649 6
1628652757839 0.5160694779718623 7
1628652758499 0.5118869229685853 8
1628652758961 0.5124991456494439 9
1628652759642 0.5145216598489964 10
1628652760312 0.5139776771386291 11
1628652760773 0.5011865806995134 12
1628652761448 0.4983167453529009 13
1628652761913 0.49585513884205706 14
1628652762352 0.4995114719339619 15
1628652762767 0.5037438688703698 16
1628652763189 0.49740647369307195 17
1628652763609 0.496766720786853 18
1628652764244 0.4959583811856909 19
1628652764665 0.4921039811666235 20
1628652765098 0.4881157504209333 21
1628652765769 0.48981188883708715 22
1628652766197 0.48468040692780273 23
1628652766618 0.48479896760021507 24
1628652767045 0.48615468804742773 25
1628652767475 0.4813138222187952 26
1628652767897 0.47512144351360497 27
1628652768327 0.47858245145954253 28
1628652768752 0.4744537014543967 29
1628652769178 0.4787157023069905 30
1628652769599 0.47392287900158697 31
1628652769869 0.47392287900158697 32
