1628578452119 1.055751262147442 0
1628578452793 0.579600238808706 1
1628578453433 0.5639417295275864 2
1628578453846 0.5580014344805293 3
1628578454459 0.5361964211311562 4
1628578454875 0.538732474362755 5
1628578455494 0.5340184620869013 6
1628578455927 0.5418268703167735 7
1628578456563 0.5211034295627321 8
1628578456998 0.5138239085284713 9
1628578457434 0.52138841584103 10
1628578458085 0.5159318970222792 11
1628578458517 0.503489190110627 12
1628578458964 0.5522342084669599 13
1628578459512 0.5085540843685208 14
1628578460044 0.5202213187493011 15
1628578460582 0.49491808645037655 16
1628578461074 0.49917400751151986 17
1628578461796 0.4998707648152966 18
1628578462231 0.49892066436168414 19
1628578462664 0.508543225561222 20
1628578463107 0.49218431931089124 21
1628578463544 0.5026316600171992 22
1628578463970 0.49147850277203964 23
1628578464420 0.4877314565185195 24
1628578464872 0.4812429283671866 25
1628578465559 0.485092794971734 26
1628578466010 0.4880009504791265 27
1628578466465 0.48343057650464033 28
1628578467135 0.48489146981017694 29
1628578467580 0.4828584826157071 30
1628578468022 0.4854863452236117 31
1628578468079 0.48343057650464033 32
