1628653828322 1.3361697908147314 0
1628653829003 0.7115056023012493 1
1628653829704 0.5708763213880961 2
1628653830456 0.5496924218052786 3
1628653830983 0.5451186250681538 4
1628653831648 0.5298669786667946 5
1628653832086 0.5258000502978318 6
1628653832530 0.5203298891724758 7
1628653833186 0.5170246004712001 8
1628653833660 0.5172414700017083 9
1628653834332 0.5055554371946691 10
1628653834785 0.5007213177937222 11
1628653835466 0.4972939046509645 12
1628653835964 0.4952854871595672 13
1628653836442 0.49711372268831894 14
1628653836891 0.49998213182228496 15
1628653837630 0.48809614286270364 16
1628653838138 0.4892867512692553 17
1628653838648 0.4852059380524672 18
1628653839447 0.48259722887820405 19
1628653839965 0.4794369096676335 20
1628653840454 0.4781141243009309 21
1628653840932 0.48195419435104603 22
1628653841421 0.4754841135153324 23
1628653842152 0.4790954994363744 24
1628653842653 0.47268754776266925 25
1628653843136 0.47112358529756443 26
1628653843625 0.4774640602375514 27
1628653844190 0.4685445104873778 28
1628653844683 0.4646667321696174 29
1628653845144 0.4668392429876323 30
1628653845602 0.4661327353479123 31
1628653845670 0.4754841135153324 32
