1628651541746 1.402135562619699 0
1628651542378 0.5842800347720183 1
1628651543008 0.5551491913560862 2
1628651543625 0.5401622282913308 3
1628651544359 0.5285978692549246 4
1628651544787 0.5255477220231238 5
1628651545213 0.5182443260930116 6
1628651545647 0.5179397360994579 7
1628651546087 0.5093765931018643 8
1628651546513 0.5076997812969926 9
1628651546952 0.5013116127611852 10
1628651547387 0.5069248884937948 11
1628651547824 0.5009014718586237 12
1628651548249 0.49776437625386355 13
1628651548688 0.4905937980635926 14
1628651549183 0.4815966369626136 15
1628651549615 0.4856366879951287 16
1628651550057 0.48182364155524177 17
1628651550487 0.4807859126886944 18
1628651550962 0.4752146364037507 19
1628651551394 0.4778938323540712 20
1628651552013 0.4729253233788493 21
1628651552439 0.47449365437853225 22
1628651552879 0.4734157031657649 23
1628651553328 0.47231908953635693 24
1628651553770 0.4680607547860433 25
1628651554432 0.4636533920887855 26
1628651554860 0.46864273882293145 27
1628651555308 0.46394903593160314 28
1628651555772 0.4647386603452368 29
1628651556210 0.46004636164757334 30
1628651556643 0.464300158983482 31
1628651556704 0.4680607547860433 32
