1628651520163 1.2952110902091776 0
1628651520749 0.6099449940669683 1
1628651521340 0.5601262402170883 2
1628651521953 0.5488818889090179 3
1628651522365 0.5376574317441094 4
1628651522785 0.5343523210776224 5
1628651523198 0.5293450665213141 6
1628651523618 0.5223383928122257 7
1628651524292 0.5200670424175159 8
1628651524948 0.5070652115059314 9
1628651525386 0.5039967460396849 10
1628651526020 0.5086558950319615 11
1628651526449 0.5003561565386011 12
1628651526880 0.49456296288716073 13
1628651527306 0.4933174731035378 14
1628651527737 0.4975949915514186 15
1628651528161 0.49293039774842773 16
1628651528592 0.48733360743990134 17
1628651529032 0.49560296040950863 18
1628651529459 0.4830829122076021 19
1628651529873 0.48256262249503346 20
1628651530304 0.4831730241609295 21
1628651530725 0.4823101036894469 22
1628651531136 0.4698702777825842 23
1628651531566 0.48899445372729 24
1628651531993 0.4786946008018419 25
1628651532425 0.473710465015669 26
1628651532844 0.46593329868804917 27
1628651533259 0.470252321014477 28
1628651533687 0.46815411086933456 29
1628651534118 0.4616018021201949 30
1628651534536 0.491076817093505 31
1628651534595 0.5039967460396849 32
