1628581136954 1.536132191157399 0
1628581137603 0.8095934488847798 1
1628581138244 0.7963018880517221 2
1628581138706 0.8002352765615902 3
1628581139358 0.8049373902007125 4
1628581139815 0.7966723289711369 5
1628581140302 0.7999620534582422 6
1628581140773 0.8144188985152788 7
1628581141210 0.8006537067950767 8
1628581141624 0.8012608814776246 9
1628581142045 0.8037844376020356 10
1628581142462 0.8024014787736282 11
1628581142880 0.8106537716234604 12
1628581143303 0.7997544169339392 13
1628581143739 0.8080124285832296 14
1628581144165 0.8106775259348611 15
1628581144578 0.798509765034927 16
1628581145010 0.8111663909605992 17
1628581145626 0.8213636552084429 18
1628581146247 0.8043038455489414 19
1628581146669 0.8071827831351419 20
1628581147105 0.8024490466564569 21
1628581147530 0.8135090999700232 22
1628581147950 0.8098812027088351 23
1628581148420 0.8058196313479021 24
1628581148891 0.8041788333878963 25
1628581149341 0.8069605151206233 26
1628581149779 0.8156574975777642 27
1628581150223 0.8141443849951786 28
1628581150659 0.801123800620534 29
1628581151110 0.8141845184213975 30
1628581151535 0.8035551145964978 31
1628581151599 0.8213636552084429 32
