1628653521580 1.5195140300363237 0
1628653522247 0.5936941276361913 1
1628653522738 0.5662928777344433 2
1628653523438 0.5282076370287565 3
1628653523916 0.5299490380331539 4
1628653524385 0.5271577500050364 5
1628653525048 0.5258241569976402 6
1628653525536 0.5159566327226102 7
1628653526021 0.5157700464313413 8
1628653526505 0.5089732390343493 9
1628653526993 0.5163587605446772 10
1628653527484 0.5042494810784889 11
1628653527962 0.5019798339192384 12
1628653528437 0.5031936609848371 13
1628653529120 0.4926514896194227 14
1628653529634 0.49758051484065724 15
1628653530112 0.4991232383963784 16
1628653530601 0.4960340587185532 17
1628653531111 0.48794896714524594 18
1628653531595 0.49338942610360437 19
1628653532072 0.48596544281329984 20
1628653532551 0.4878120168491646 21
1628653533038 0.48533245248580725 22
1628653533526 0.48542476462209755 23
1628653534012 0.48200049847039783 24
1628653534503 0.4817032426400901 25
1628653534996 0.48369139230545655 26
1628653535441 0.47933002738802866 27
1628653535867 0.479624170874913 28
1628653536308 0.4763218847224482 29
1628653536739 0.47564440480850706 30
1628653537177 0.4791942712787969 31
1628653537225 0.5031936609848371 32
