1628652733297 1.6579805785274713 0
1628652733898 0.7969941680814013 1
1628652734313 0.8157761795155449 2
1628652734719 0.803703483240104 3
1628652735136 0.8092519353829005 4
1628652735550 0.7996886750451879 5
1628652735974 0.8104254348432144 6
1628652736396 0.8342993655928512 7
1628652736808 0.8395833779956954 8
1628652737214 0.801417545815179 9
1628652737820 0.7891775025954347 10
1628652738232 0.8081163727206948 11
1628652738641 0.7959414151758929 12
1628652739065 0.8146180355124657 13
1628652739487 0.808309291009896 14
1628652740098 0.818344037266977 15
1628652740512 0.8099213787932801 16
1628652740932 0.8181455337057619 17
1628652741353 0.7994940606424059 18
1628652741766 0.8125142114441206 19
1628652742176 0.7977199881684547 20
1628652742643 0.8090229786515842 21
1628652743103 0.8175883879242553 22
1628652743545 0.7960141359766866 23
1628652743993 0.8080336037717527 24
1628652744467 0.8291807989755574 25
1628652744924 0.8131261999051296 26
1628652745375 0.8014524412397552 27
1628652745828 0.813744197267506 28
1628652746304 0.8191414765889176 29
1628652746770 0.8155781147577486 30
1628652747212 0.7972973961479145 31
1628652747272 0.808309291009896 32
