1628651349416 1.3082276314534869 0
1628651350023 0.5899385895171543 1
1628651350456 0.5590990915429185 2
1628651351068 0.5372487610461665 3
1628651351520 0.5306765664485199 4
1628651352128 0.5348084253423354 5
1628651352763 0.5119290848789478 6
1628651353194 0.5104502687959802 7
1628651353637 0.5154408938484774 8
1628651354097 0.5179456706789843 9
1628651354540 0.5017590186651323 10
1628651355168 0.5035702409892301 11
1628651355808 0.49954095948419885 12
1628651356464 0.4958021126108578 13
1628651356884 0.4853044435349425 14
1628651357333 0.48801814241520114 15
1628651357817 0.48376409186776687 16
1628651358289 0.48709014549407736 17
1628651358764 0.48713956185675394 18
1628651359197 0.48036558595915463 19
1628651359665 0.47973182195758335 20
1628651360112 0.47689758874232474 21
1628651360565 0.47901166104640575 22
1628651361008 0.47315832769353494 23
1628651361685 0.4669569540733692 24
1628651362124 0.4689638531112809 25
1628651362560 0.47101166397711897 26
1628651363000 0.46854026186007386 27
1628651363445 0.46642543672000314 28
1628651363875 0.4694137920178446 29
1628651364382 0.4607552610278216 30
1628651364812 0.4598373090368124 31
1628651364870 0.47315832769353494 32
