1628653733002 1.2319920514490437 0
1628653733643 0.609324029306614 1
1628653734332 0.559366415918263 2
1628653734816 0.5568442857603102 3
1628653735279 0.5309984145514239 4
1628653735776 0.5418843071834714 5
1628653736458 0.5246542556699672 6
1628653736938 0.5206974937581202 7
1628653737612 0.5228178239682488 8
1628653738076 0.5190476506039468 9
1628653738541 0.5118812148607375 10
1628653739020 0.5061683529256129 11
1628653739493 0.5016026363999582 12
1628653739948 0.5022095584783354 13
1628653740377 0.49810329925866775 14
1628653740830 0.4905571196506919 15
1628653741257 0.49536413045230776 16
1628653741683 0.4827312578649389 17
1628653742129 0.4840887562468507 18
1628653742560 0.4812385855417106 19
1628653742992 0.48317304995930876 20
1628653743422 0.4804004756118304 21
1628653743866 0.48057906424860725 22
1628653744299 0.47670891779267277 23
1628653744727 0.4745033405878099 24
1628653745157 0.4742567158123572 25
1628653745817 0.47332539221646563 26
1628653746243 0.47000427308208975 27
1628653746666 0.4694352919153312 28
1628653747094 0.46560282969526734 29
1628653747584 0.4676407555695799 30
1628653748076 0.46658957488807806 31
1628653748119 0.4742567158123572 32
