1628653663146 2.477737565651352 0
1628653663792 0.5930315050186241 1
1628653664404 0.5564037573888367 2
1628653665029 0.5355972414477826 3
1628653665661 0.5224616325195924 4
1628653666288 0.5173566919320636 5
1628653666725 0.5181641060217793 6
1628653667170 0.5190036958414918 7
1628653667595 0.51323746656627 8
1628653668233 0.509001715943358 9
1628653668673 0.5034221994461318 10
1628653669104 0.5069291924945496 11
1628653669539 0.5036606146272924 12
1628653669975 0.5060084075190143 13
1628653670634 0.49808354107642744 14
1628653671099 0.49678368738378326 15
1628653671764 0.4971820871381545 16
1628653672226 0.4919276578580459 17
1628653672976 0.4929680094155351 18
1628653673479 0.4823070575165939 19
1628653673971 0.4864305646071507 20
1628653674456 0.4839686131511985 21
1628653674957 0.4860651320307776 22
1628653675444 0.48312213283218847 23
1628653675923 0.47653700548752376 24
1628653676403 0.4779875952433916 25
1628653676900 0.4772264179310335 26
1628653677402 0.47806896995441933 27
1628653677894 0.4729377391464743 28
1628653678379 0.4745945777032543 29
1628653678879 0.46839328572294725 30
1628653679367 0.46684192122111046 31
1628653679421 0.4919276578580459 32
