1628653450484 2.2015386612067296 0
1628653451160 0.8291676979438931 1
1628653451787 0.7977239337189092 2
1628653452270 0.8291380704098538 3
1628653452701 0.8115928536666505 4
1628653453325 0.8333120646473283 5
1628653453740 0.8121228673878838 6
1628653454163 0.8094314985199086 7
1628653454581 0.8401167877532472 8
1628653454996 0.8047830307167686 9
1628653455417 0.8226735894889526 10
1628653455837 0.8348514762752369 11
1628653456252 0.8677518366035899 12
1628653456694 0.8677787090784931 13
1628653457116 0.8498701083114724 14
1628653457530 0.8043431698107252 15
1628653457946 0.8062636716346768 16
1628653458366 0.8370297972326618 17
1628653458988 0.79924372961838 18
1628653459406 0.8584802192280755 19
1628653459838 0.8290873114060213 20
1628653460262 0.8102063747446175 21
1628653460688 0.8481969938991549 22
1628653461107 0.8190946495870619 23
1628653461525 0.8125363642873328 24
1628653461944 0.8064485481881368 25
1628653462401 0.8218359335358799 26
1628653462870 0.8111080747630688 27
1628653463338 0.827237284521132 28
1628653463823 0.802526605674644 29
1628653464292 0.806753079875622 30
1628653464755 0.8701013753443588 31
1628653464801 0.8370297972326618 32
