1628579839483 1.2190258880845861 0
1628579840110 0.8019383037618389 1
1628579840772 0.8068473592025858 2
1628579841269 0.7952733645858155 3
1628579841740 0.7981217520862017 4
1628579842237 0.794457182601316 5
1628579842704 0.8031967061068916 6
1628579843184 0.7986110702492486 7
1628579843647 0.798873083204702 8
1628579844262 0.7974049495715722 9
1628579844710 0.8006920345018015 10
1628579845155 0.7943178999657724 11
1628579845604 0.7965217822690588 12
1628579846253 0.7927590370619197 13
1628579846710 0.7989291840908574 14
1628579847170 0.797839705114704 15
1628579847616 0.7969536115422158 16
1628579848057 0.7975245762667798 17
1628579848555 0.7975682935250697 18
1628579849345 0.7996811698811074 19
1628579849926 0.7990956642355881 20
1628579850382 0.7953682076091254 21
1628579850853 0.7948896020258417 22
1628579851324 0.7969751753232232 23
1628579851807 0.8001281804768349 24
1628579852259 0.7931640662398993 25
1628579852731 0.80309127659125 26
1628579853191 0.7956496666719192 27
1628579853631 0.7963681067713755 28
1628579854103 0.798661312679493 29
1628579854602 0.7996697244041626 30
1628579855103 0.7998908101083926 31
1628579855174 0.7965217822690588 32
