1628653593360 1.5600285351752543 0
1628653594014 0.6642183458720676 1
1628653594649 0.577271076848564 2
1628653595249 0.545126983288543 3
1628653595673 0.5375595498362051 4
1628653596110 0.5306964246968732 5
1628653596544 0.5250701986972889 6
1628653596978 0.5236455793928736 7
1628653597657 0.5109809477344837 8
1628653598128 0.5116507427559959 9
1628653598586 0.5036612639802907 10
1628653599260 0.5092014470824142 11
1628653599726 0.5088092096490797 12
1628653600441 0.5067839425925595 13
1628653600923 0.5005247325879253 14
1628653601414 0.5005450019763056 15
1628653601898 0.502595799507745 16
1628653602376 0.4982937123564247 17
1628653603149 0.48789362792269253 18
1628653603634 0.48473736234739717 19
1628653604085 0.48414790535111657 20
1628653604774 0.48140249919138184 21
1628653605224 0.4768099573399593 22
1628653605659 0.482546971882264 23
1628653606102 0.47706521711513106 24
1628653606553 0.4751707358297959 25
1628653607009 0.4726618555203329 26
1628653607442 0.4681159141071049 27
1628653607880 0.4711606165958256 28
1628653608324 0.46937332529041675 29
1628653608760 0.47542256138510003 30
1628653609215 0.4696916587212506 31
1628653609274 0.48414790535111657 32
