1628653755782 1.3110174194313775 0
1628653756421 0.5933334186792201 1
1628653757020 0.5516911612183786 2
1628653757464 0.537320126548745 3
1628653758092 0.5370285199304465 4
1628653758711 0.5287803120981461 5
1628653759335 0.5221338117564166 6
1628653759781 0.5130417023176028 7
1628653760214 0.5109857881770414 8
1628653760641 0.5119436049513307 9
1628653761096 0.5161660539125652 10
1628653761540 0.5151720029682721 11
1628653761974 0.5086822578157302 12
1628653762441 0.505695017161539 13
1628653762920 0.5127893161236937 14
1628653763398 0.49929754250968983 15
1628653763866 0.49927773521962854 16
1628653764564 0.49207453480559843 17
1628653765282 0.49785090488913963 18
1628653765772 0.49147089711980885 19
1628653766260 0.4888851003709182 20
1628653766775 0.4858814967050878 21
1628653767258 0.48538448287684066 22
1628653767765 0.49211070497744136 23
1628653768250 0.4887121199327876 24
1628653768747 0.4783964851301653 25
1628653769249 0.47338934851703474 26
1628653769747 0.4712981529312023 27
1628653770197 0.48351904103287596 28
1628653770647 0.47510617104620717 29
1628653771086 0.4690245363371651 30
1628653771543 0.48658844289696557 31
1628653771836 0.48658844289696557 32
