1628579883114 1.1406882745075158 0
1628579883739 0.5949062762610187 1
1628579884181 0.5723363787866452 2
1628579884637 0.5573969701969199 3
1628579885268 0.5514745607095606 4
1628579885791 0.5414938757097323 5
1628579886313 0.5402910201015598 6
1628579887014 0.5404441120750937 7
1628579887746 0.5259039909318468 8
1628579888453 0.5248820453600859 9
1628579888902 0.5359266271345323 10
1628579889339 0.5443223794258065 11
1628579889829 0.515186965703618 12
1628579890310 0.5114970408493656 13
1628579890761 0.5146481791699201 14
1628579891199 0.5115101947060251 15
1628579891649 0.5071228945826654 16
1628579892124 0.501160737476058 17
1628579892588 0.5106098084841072 18
1628579893027 0.5107181926211241 19
1628579893508 0.4999913414071139 20
1628579894000 0.49244039599325834 21
1628579894669 0.4912313376820512 22
1628579895103 0.4903913175358492 23
1628579895588 0.5000290788423348 24
1628579896047 0.4946134495606393 25
1628579896504 0.48493147285935145 26
1628579896948 0.49727441286079765 27
1628579897409 0.48186097356315616 28
1628579897863 0.4860201769534799 29
1628579898300 0.4880055308385266 30
1628579898732 0.48014166721764384 31
1628579898795 0.49244039599325834 32
