1628652621373 1.344788206342172 0
1628652621984 0.7925535289810114 1
1628652622646 0.7929640215379913 2
1628652623275 0.7923241221740268 3
1628652623950 0.7917452291379221 4
1628652624441 0.7963556152543211 5
1628652624950 0.7909688159617809 6
1628652625663 0.789548936728104 7
1628652626384 0.7927821401071098 8
1628652626849 0.7907915174225231 9
1628652627300 0.7894002555415695 10
1628652627744 0.7923554547818225 11
1628652628210 0.7945860789232524 12
1628652628703 0.7962964938962988 13
1628652629153 0.7920297246613014 14
1628652629667 0.7956384950213962 15
1628652630128 0.7960805116395805 16
1628652630579 0.793470749494903 17
1628652631010 0.7947273684006804 18
1628652631474 0.7930531229677737 19
1628652631916 0.7968201067626001 20
1628652632376 0.7870925322943351 21
1628652632859 0.7912641614134448 22
1628652633290 0.793286365015228 23
1628652633723 0.7928513355591025 24
1628652634164 0.7897934227987052 25
1628652634592 0.7897301542849301 26
1628652635020 0.7901154453112063 27
1628652635451 0.7877794634023263 28
1628652635889 0.7917477366181067 29
1628652636321 0.7950189063405333 30
1628652636762 0.7908235380592429 31
1628652636831 0.789548936728104 32
