1628653401271 3.0463834976535304 0
1628653401896 0.7678077432692874 1
1628653402541 0.6646737316724781 2
1628653403213 0.570745499218904 3
1628653403682 0.5460366802256265 4
1628653404341 0.5307331813706292 5
1628653404812 0.5209552242258968 6
1628653405281 0.5084254569390934 7
1628653405749 0.5048227241788987 8
1628653406215 0.5056185030967495 9
1628653406687 0.4988211170001227 10
1628653407370 0.4976209042811619 11
1628653408008 0.4917456751382256 12
1628653408426 0.49243919548126086 13
1628653409076 0.491867804838941 14
1628653409724 0.4893269055809071 15
1628653410155 0.48914296266040513 16
1628653410580 0.48650010180109726 17
1628653411012 0.48327288054303147 18
1628653411432 0.4847098749534064 19
1628653411860 0.4863162223809685 20
1628653412289 0.4849557880482642 21
1628653412716 0.4815644530515872 22
1628653413156 0.4789209219917233 23
1628653413604 0.4799045498118335 24
1628653414269 0.47694521488793623 25
1628653414700 0.4796691390488922 26
1628653415133 0.47734974574679123 27
1628653415558 0.47719144340152747 28
1628653415993 0.47866997906238856 29
1628653416424 0.47234928230406714 30
1628653416856 0.47437168831058446 31
1628653417149 0.47437168831058446 32
