1628578385304 1.8579804821449861 0
1628578385908 0.6012346528473221 1
1628578386340 0.5697006977980953 2
1628578386942 0.5421847238373783 3
1628578387559 0.5334276235895739 4
1628578388228 0.519985647069949 5
1628578388685 0.5187692424483982 6
1628578389441 0.5164533625414343 7
1628578389959 0.5113867929471777 8
1628578390426 0.5137387008318974 9
1628578390877 0.5048169812259244 10
1628578391528 0.5065255035675342 11
1628578392202 0.497173082941065 12
1628578392733 0.5135190580838299 13
1628578393245 0.4997334469464177 14
1628578393696 0.498411569460285 15
1628578394149 0.5009952906949328 16
1628578394645 0.4947567127195925 17
1628578395109 0.4872171823408782 18
1628578395552 0.4918064670278789 19
1628578395988 0.4935277129808196 20
1628578396656 0.4860714252824444 21
1628578397094 0.49022906571193803 22
1628578397591 0.4811088234597388 23
1628578398036 0.509326186185309 24
1628578398458 0.4930237073697469 25
1628578398893 0.48825669135511485 26
1628578399324 0.4924331470896519 27
1628578399761 0.4813131856026646 28
1628578400202 0.4847733278528191 29
1628578400625 0.4837495317775959 30
1628578401053 0.47789978275458367 31
1628578401105 0.4935277129808196 32
